1
10
100
101
102
103
104
105
106
107
108
109
11
111
112
113
114
115
116
117
12
121
122
123
125
126
127
129
13
130
131
135
136
138
14
151
152
155
156
157
158
159
160
161
162
163
165
166
167
178
18
19
2
20
201
203
204
205
206
209
21
210
211
213
215
216
217
218
219
22
222
23
254
256
257
258
26
260
261
263
268
269
27
271
272
273
275
276
277
278
28
280
281
282
283
285
286
287
288
289
29
290
291
292
293
295
296
3
30
301
302
303
305
307
308
31
312
315
317
318
319
32
322
323
325
326
328
329
34
35
37
38
4
40
401
402
403
405南线
405西线
406
41
42
43
44
45
46
47
48
49
50
502
516
518
519
52
520
521
53
538
56
57
58
59
6
60
600
603
61
62
621
622
623
626
627
628
629
63
630
64
65
66
67
68
7
70
71
72
723
727
729
73
75
76
77
78
79
8
80
81
82
83
84
85
86
87
89
9
90
900
903
904
906
909
91
916
919
92
93
95
962
966
97
98
981
985
99
B10
B11
B12
B13
B15
B16
B17
B18
B19
B1nh
B1wh
B20
B21
B23
B25
B26
Y801
Y802
Y803
Y804
Y805
Y806
Y807
Y808
Y809
Y810
Y811
Y812
Y813
Y815
Y816
Y817
Y818
Y819
Y820
Y821
Y866
游1
游16
游2
游51
游6
# 226+16+21+5=268